1914
4690
15512
15704
18102
18372
19314
26496
26842
29362
29402
29813
34753
38661
40614
44315
44554
49294
56200
61590
65940
71068
71433
83209
85278
93890
94028
94157
97516
98315
101707
107957
125681
126215
127303
131358
132549
144493
147311
150410
155975
172285
193376
199641
215031
217217
218263
228161
232836
235947
237805
244781
248897
249265
251980
255529
257525
260811
268585
269749
274098
276721
282362
283863
284240
286278
291043
291410
291618
292193
305897
305933
306891
311994
313485
315890
316304
322357
325758
329705
340310
347915
348074
366567
368037
369951
373240
378994
379800
381627
382137
382247
383812
384356
390976
400055
404627
414898
415893
421375
426499
427883
434097
435631
438808
439996
455394
463629
470035
484329
488284
491110
502163
514918
517201
533577
534733
540499
542322
549922
554626
571674
573969
578060
581360
585105
587959
591179
599619
601534
602569
606571
608733
608941
612067
613116
615945
616349
616627
618194
618866
623520
624503
625252
628659
633832
637585
639537
642782
644234
647678
648036
651018
652897
654753
655507
656465
659940
664944
665270
666839
670873
673723
675574
676076
676493
680374
680758
686848
700023
700694
713487
723337
724417
725264
737874
742043
743762
745041
759654
764431
766163
766576
771783
773575
773843
776834
780751
782916
783202
787205
790883
795057
803803
815632
829987
830662
835623
838287
840062
848630
849939
863037
863241
871164
871947
880273
880788
890217
892131
893611
894812
902077
907303
907700
908758
911257
911297
912377
914999
923554
923728
924051
927495
934941
938493
939744
951350
954993
959616
968232
968381
977196
978972
980051
981477
981996
990542
994211
997909
1001621
1001933
1002815
1002854
1003408
1009330
1016754
1018273
1020562
1021164
1022756
1023389
1029134
1033795
1034990
1035944
1037180
1038979
1039667
1043929
1044372
1045663
1053968
1054056
1055092
1056398
1062427
1063756
1066680
1069495
1070092
1074922
1076353
1077034
1081581
1090288
1098774
1099867
1102632
1103949
1104447
1110456
1119486
1122794
1124282
1124499
1124795
1131260
1133151
1133415
1134117
1139343
1143005
1143060
1148873
1154410
1165640
1171833
1177617
1178922
1179248
1184187
1193792
1195717
1202819
1205744
1208868
1208996
1210979
1229622
1234143
1237863
1238808
1238870
1246096
1248405
1252705
1269958
1270867
1271026
1272013
1274207
1278071
1279782
1285266
1306754
1309617
1311024
1311897
1317027
1319099
1319597
1324391
1325647
1335257
1335850
1341127
1345987
1348202
1348574
1349157
1352655
1358027
1362469
1363339
1400650
1401456
1408041
1410847
1416407
1422752
1427757
1429559
1437036
1442635
1443697
1449268
1451423
1453425
1455736
1462530
1465451
1469064
1469561
1471363
1475217
1475754
1477538
1478749
1481329
1481421
1481584
1482559
1487022
1487523
1488988
1490786
1501800
1505601
1515698
1519066
1519339
1521711
1526837
1542691
1546191
1556258
1562569
1569351
1574342
1576507
1585182
1585535
1588958
1594447
1597571
1598173
1599884
1601085
1611782
1613179
1614661
1615488
1615879
1621061
1622419
1626586
1628399
1629675
1631397
1638802
1639714
1639720
1640250
1650779
1665200
1666585
1666744
1668976
1669106
1670596
1692702
1698275
1699458
1700895
1713553
1715404
1715495
1720590
1722205
1723703
1724541
1724735
1729793
1731479
1732781
1736312
1739966
1749326
1751958
1755853
1756648
1762034
1765318
1765723
1766628
1767858
1767971
1772739
1774499
1779653
1782322
1787276
1796797
1799429
1809844
1810071
1820042
1820394
1821890
1824717
1828162
1835729
1838860
1841294
1842648
1846023
1847088
1850575
1854450
1855979
1860145
1860973
1865420
1866272
1868088
1869958
1870245
1871489
1871740
1871853
1878522
1892522
1893625
1897532
1897816
1898178
1901839
1906271
1912957
1916914
1919407
1923297
1926297
1926855
1935230
1937392
1947624
1950764
1951909
1952061
1953424
1956201
1957767
1958412
1962203
1966493
1966654
1969642
1969883
1992579
1996988
2000245
2003327
2009420
2010233
2014101
2018183
2020743
2024903
2025487
2033952
2036412
2037668
2042898
2043893
2050424
2052001
2056087
2058119
2061921
2064214
2067674
2068104
2069246
2071729
2075840
2081643
2084365
2088250
2097674
2098129
2098327
2104471
2113274
2113950
2114757
2119433
2121813
2123900
2126566
2127916
2132915
2134936
2135803
2139139
2142218
2146429
2147567
2149780
2150159
2159200
2164105
2167117
2168681
2169483
2176524
2183297
2188677
2189063
2191200
2199762
2204505
2205881
2207751
2208497
2218169
2222124
2224904
2234017
2242045
2243055
2245927
2248711
2251051
2255366
2256210
2257314
2258818
2260756
2260788
2261403
2269401
2283980
2286615
2289009
2293554
2293955
2294256
2297393
2298815
2299304
2303367
2305983
2310328
2315715
2318332
2322573
2325750
2328132
2328159
2339817
2345570
2349113
2367208
2369879
2369931
2372434
2373609
2375493
2386638
2387904
2394698
2402463
2407690
2408090
2411422
2413090
2423474
2423727
2424279
2426710
2428986
2430542
2431754
2435747
2435862
2436249
2436456
2437875
2446095
2448484
2451629
2454234
2456870
2460433
2467241
2469268
2472955
2475416
2476923
2487351
2503113
2507463
2516512
2523829
2524289
2526609
2529584
2529823
2532295
2532504
2534048
2538068
2538981
2543265
2545153
2550833
2550846
2553817
2555317
2561041
2561228
2563990
2564610
2579122
2579913
2580873
2592913
2595668
2595944
2596176
2596191
2600332
2602927
2619741
2620191
2635300
2638430
2647797
2649628
2651284
2657048
2660397
2664697
2671202
2673208
2673535
2673914
2676281
2686450
2695116
2697615
2701619
2702852
2703287
2703958
2714996
2715617
2719531
2721215
2725542
2726004
2727702
2728599
2731420
2732669
2736716
2740867
2743602
2747720
2751579
2752515
2754531
2757466
2762127
2765992
2769068
2772045
2773117
2775185
2780225
2782601
2784194
2787809
2789855
2799089
2804832
2805594
2809169
2814764
2816697
2822699
2824912
2828333
2830230
2831279
2836958
2840652
2843154
2843733
2850383
2852410
2852755
2863394
2866757
2873961
2876917
2882624
2884308
2896729
2901641
2906758
2907457
2911526
2912027
2919838
2923456
2924233
2924788
2928364
2930000
2932911
2933257
2936256
2936855
2940218
2942194
2947883
2954656
2955881
2966203
2968900
2977467
2979561
2983905
2986474
2989466
2997007
2997440
3000438
3000549
3000818
3001486
3002845
3006166
3006844
3013742
3015183
3016062
3027756
3028975
3030826
3033325
3037492
3038608
3042118
3045169
3059327
3060784
3061059
3068217
3070497
3070690
3071661
3072118
3076214
3086588
3094826
3097892
3101002
3111549
3112355
3114216
3118407
3119827
3123733
3125386
3130454
3132237
3135509
3140855
3143276
3143469
3144027
3145274
3152010
3153157
3156094
3161060
3163303
3163985
3173120
3176589
3177054
3177937
3179982
3198537
3206721
3208130
3217339
3217359
3220857
3232525
3234246
3239294
3241968
3255492
3259164
3264571
3264690
3266132
3272684
3272871
3289214
3290103
3291604
3292101
3293808
3310172
3318918
3319446
3331100
3332303
3337290
3342512
3343283
3347571
3352096
3353670
3354918
3357578
3364530
3366739
3379477
3385769
3388300
3388601
3392917
3395431
3396438
3402371
3415212
3420300
3421510
3424436
3433178
3440039
3444190
3447669
3454234
3454254
3460331
3464362
3465800
3469490
3473568
3476695
3478010
3486824
3504787
3507877
3508274
3513042
3518932
3527688
3540841
3550224
3567377
3570749
3582013
3587541
3589886
3591696
3600290
3603543
3622834
3629875
3643072
3645791
3646527
3648720
3654138
3654169
3662617
3670537
3671333
3672414
3677623
3679015
3685158
3685786
3686743
3686978
3687100
3690584
3693054
3693682
3696305
3698525
3702612
3702803
3705809
3724639
3725577
3736523
3745434
3746417
3749692
3751641
3755251
3758097
3758765
3763853
3765917
3773078
3774464
3776138
3780828
3783286
3786582
3789196
3789975
3792334
3792365
3798920
3800455
3807003
3830328
3834988
3846754
3852724
3860289
3860477
3876997
3878166
3878970
3879311
3879370
3880383
3884060
3908243
3909945
3911071
3914381
3921228
3936337
3937570
3937647
3943331
3943843
3950398
3954880
3956869
3960512
3966471
3968465
3969887
3969893
3974923
3980795
3981813
4001778
4002275
4004862
4006541
4008860
4009976
4013332
4018442
4018768
4021141
4021797
4022880
4024497
4025473
4027467
4031773
4037160
4040735
4049694
4050170
4056808
4059576
4071430
4075146
4080725
4082997
4100152
4101471
4104157
4105786
4106900
4108130
4111374
4119020
4121536
4122822
4128271
4130439
4131530
4139926
4147793
4166858
4181173
4181241
4182415
4187750
4190614
4192122
4200180
4202930
4203624
4204101
4206034
4224737
4229885
4230651
4240221
4243658
4243819
4244113
4246348
4257373
4259444
4260260
4262409
4266230
4267124
4272366
4291771
4292216
4299924
4302085
4303758
4305618
4308618
4311258
4313860
4320743
4321767
4330359
4330909
4333374
4338653
4354707
4357112
4357675
4358978
4361383
4366591
4377883
4379337
4381292
4387609
4389649
4393074
4394862
4396324
4398165
4405660
4416419
4416818
4421876
4422967
4435773
4437713
4443771
4444307
4445490
4446139
4446190
4452172
4458891
4460217
4471908
4481134
4485730
4487886
4494657
4496412
4500747
4515130
4515713
4523716
4525006
4526842
4529937
4532170
4532187
4546083
4546524
4556150
4559965
4563048
4565441
4574093
4585576
4585850
4614676
4616514
4617244
4617353
4620574
4620989
4624014
4631421
4638089
4638288
4645131
4646811
4649110
4657481
4657520
4660194
4668261
4668574
4669570
4687736
4687906
4690162
4693260
4697658
4701949
4711080
4719210
4725024
4725808
4728874
4729609
4730312
4745771
4746721
4747506
4756210
4757159
4760386
4765591
4778130
4778809
4787878
4788597
4794919
4798408
4803535
4805120
4806229
4812132
4823813
4825162
4825516
4829573
4831689
4832765
4834334
4835768
4837910
4840791
4847195
4847934
4848365
4855065
4855754
4862034
4862860
4868653
4871932
4875643
4878040
4881079
4884335
4884416
4885302
4886036
4894059
4898096
4911891
4912846
4918064
4926568
4927088
4927652
4929073
4929817
4932820
4936358
4941307
4946372
4968055
4968607
4973837
4980632
4982459
4982555
4983746
4986812
4986976
4995601
5008212
5014256
5015258
5018495
5021395
5026655
5027629
5035525
5036245
5036432
5041578
5041688
5045188
5053403
5054916
5057840
5061397
5078095
5082460
5083768
5091872
5094145
5115381
5116442
5119817
5124204
5133759
5134037
5137400
5137923
5140179
5142996
5143101
5149606
5150360
5152327
5156744
5161962
5178830
5187806
5192074
5196715
5198122
5198847
5200971
5202146
5208026
5211787
5211907
5215757
5216030
5216989
5217233
5221225
5222786
5224974
5240045
5244042
5246321
5257441
5262035
5264858
5265500
5273033
5274016
5274315
5276623
5279310
5279927
5283019
5284396
5291184
5297838
5298775
5299141
5305384
5313556
5319519
5323208
5325085
5325591
5331729
5335312
5342321
5342530
5350238
5352536
5355497
5356534
5360010
5361675
5361685
5362044
5363623
5367961
5368395
5369449
5374231
5377583
5386915
5394233
5410621
5416177
5417243
5420701
5428252
5429771
5431509
5432655
5437413
5438605
5440586
5442066
5444041
5451314
5452396
5452438
5453651
5454200
5471623
5477377
5484111
5484615
5503464
5503911
5504394
5506400
5507369
5508843
5509573
5510899
5512328
5512908
5522723
5524860
5526193
5528363
5529086
5531091
5538459
5544235
5551527
5553244
5557991
5558656
5564334
5571533
5581709
5582120
5589078
5591492
5592148
5596223
5597130
5598477
5602986
5604211
5608359
5613498
5622657
5625752
5636685
5643206
5648620
5649472
5654409
5658519
5661596
5662304
5685091
5688899
5689837
5692966
5696871
5714283
5723346
5724734
5729366
5743221
5748428
5751866
5753181
5753365
5757666
5760975
5766621
5774235
5780152
5780388
5789211
5789556
5792081
5796859
5798422
5805807
5823420
5823920
5824955
5828741
5829597
5837653
5842934
5844470
5845445
5847301
5848621
5854403
5855171
5856806
5861684
5867626
5868773
5869272
5869738
5870877
5871507
5874121
5877448
5887854
5890497
5894337
5912467
5912611
5913458
5915998
5917040
5921474
5924540
5928168
5939207
5940089
5942357
5944883
5951156
5951270
5955091
5960664
5963123
5965710
5967853
5968541
5971210
5973834
5975362
5980395
5983713
5987722
5991985
5992369
5992958
6003279
6007008
6012476
6027407
6027926
6028574
6034821
6035437
6043463
6058205
6058320
6061958
6064039
6068185
6068194
6071923
6072007
6072350
6074079
6074610
6080334
6082757
6084205
6085141
6090788
6090982
6093194
6113580
6122356
6126676
6131542
6136024
6137340
6140159
6142516
6143526
6144264
6144768
6148726
6153463
6159445
6159807
6161207
6168268
6171902
6172544
6175614
6177445
6179839
6180584
6182647
6185007
6208753
6216718
6217881
6220620
6223894
6226091
6236291
6238875
6247531
6248741
6253754
6256112
6257395
6258534
6263959
6269772
6278261
6280541
6282226
6287089
6289845
6289960
6290725
6297990
6308464
6313286
6320318
6333794
6336544
6340024
6340309
6340871
6341157
6349792
6350730
6353149
6353586
6354198
6358083
6364289
6368747
6372244
6378557
6380608
6386718
6391202
6392210
6395041
6395921
6397308
6399188
6401236
6402038
6402639
6424621
6428224
6431560
6433285
6438674
6444554
6452573
6452758
6455070
6460353
6464431
6465293
6467495
6472400
6472428
6475338
6483403
6487602
6491302
6491968
6495151
6499517
6500139
6501169
6501578
6502889
6513224
6514163
6515938
6520733
6540756
6543536
6549370
6555835
6556456
6563466
6581368
6582611
6584687
6593225
6597834
6600925
6601622
6605493
6606621
6607179
6608706
6609338
6611241
6611819
6616040
6625435
6632398
6635663
6638475
6645399
6652582
6653378
6656552
6656972
6666098
6666125
6667303
6668815
6673477
6682796
6685002
6687225
6693549
6696089
6697247
6698686
6701168
6702864
6703765
6704154
6704203
6706087
6708358
6709772
6709808
6717130
6720688
6726127
6729485
6730937
6734493
6735060
6738028
6739792
6740700
6747012
6750683
6756774
6757122
6762362
6768484
6769629
6769765
6770542
6772340
6781723
6784679
6792739
6799182
6800991
6801331
6803394
6810059
6814839
6816261
6818591
6819445
6819749
6821588
6822733
6832687
6835230
6837915
6839122
6840837
6841181
6842351
6848884
6849234
6860098
6865238
6868081
6868100
6871313
6889912
6895400
6904286
6905991
6909737
6910462
6915474
6918927
6920508
6923987
6925979
6937036
6938972
6942571
6945093
6948341
6948952
6951023
6953643
6954003
6957718
6958053
6963511
6965823
6967042
6970919
6973131
6977646
6979202
6981329
6984782
6985076
6987562
6988220
6993011
6995624
6997485
7009033
7011735
7012536
7016196
7017927
7018530
7018959
7019502
7027000
7028210
7036348
7039162
7041772
7057352
7059020
7061330
7064473
7072737
7074886
7074901
7075889
7079267
7079843
7080015
7085720
7101476
7104521
7105082
7108396
7123114
7140240
7145531
7145566
7146224
7146909
7149618
7159847
7162781
7166437
7167855
7170707
7171803
7172229
7174339
7175891
7184474
7186316
7190286
7196475
7200587
7202495
7214015
7218585
7220742
7240441
7252341
7255697
7259342
7265116
7265667
7267773
7272195
7273216
7278724
7297649
7299752
7304604
7304937
7310688
7312130
7312459
7330873
7339193
7340672
7344285
7353191
7355581
7356694
7360961
7363687
7374561
7383000
7384138
7385559
7387256
7391428
7394457
7396372
7404548
7405503
7406372
7408424
7411698
7412676
7414048
7414653
7423030
7427470
7430223
7431835
7432460
7432882
7435296
7441024
7442656
7453045
7459743
7461029
7463752
7465440
7471220
7475842
7493298
7495362
7500579
7504793
7510142
7513789
7514478
7519057
7524515
7533652
7539210
7539650
7544247
7555205
7556340
7558642
7561312
7562295
7564816
7568519
7571619
7572910
7579452
7582836
7584557
7591317
7594856
7604995
7607915
7612382
7612668
7617120
7622205
7633939
7634225
7637121
7644006
7647176
7653997
7657925
7665298
7665483
7667235
7674277
7681035
7682072
7692555
7692637
7692852
7697049
7701975
7706977
7708871
7710011
7710315
7712950
7714209
7715603
7730393
7731214
7731714
7731868
7732576
7732985
7748618
7753128
7754729
7755663
7757278
7758766
7760609
7773259
7777186
7784384
7807621
7820102
7836991
7839262
7841307
7841545
7842918
7850057
7850532
7852264
7853900
7859710
7860538
7864708
7864991
7868462
7884301
7888212
7893478
7895304
7897333
7902786
7904412
7907319
7913631
7913691
7925853
7926238
7929384
7930703
7934276
7934668
7939231
7952588
7958753
7960897
7964303
7966258
7972889
7975874
7987627
7988532
0
